DATE|US_DEBT|GOLD_PRICE_OZ|SILVER_PRICE_OZ|REV_REPO_BALANCE|M2_MONEY_SUPPLY
2023-12-03|33,878,679,367,501.20|2,032.30|24.45|815,847,000,000|20,725,600,000,000
2023-12-04|33,814,621,976,598.20|2,020.40|24.21|834,428,000,000|20,725,600,000,000
2023-12-05|33,818,376,156,446.20|2,025.70|23.80|846,498,000,000|20,725,600,000,000
2023-12-06|33,818,376,156,446.20|2,030.60|23.80|825,734,000,000|20,725,600,000,000
2023-12-07|33,832,815,714,760.09|2,004.50|22.97|821,408,000,000|20,725,600,000,000
2023-12-08|33,832,815,714,760.09|2,004.50|22.97|821,408,000,000|20,725,600,000,000
2023-12-09|33,832,815,714,760.09|1,996.30|22.93|821,408,000,000|20,725,600,000,000
2023-12-10|33,832,815,714,760.09|1,984.90|22.90|838,507,000,000|20,725,600,000,000
2023-12-11|33,852,528,591,546.39|1,977.50|22.63|837,803,000,000|20,725,600,000,000
2023-12-12|33,851,321,205,288.16|2,030.40|23.81|823,329,000,000|20,725,600,000,000
2023-12-13|33,828,210,586,703.42|2,036.10|24.11|769,346,000,000|20,725,600,000,000
2023-12-14|33,840,401,518,225.69|2,019.90|23.87|683,254,000,000|20,725,600,000,000
2023-12-15|33,840,401,518,225.69|2,025.57|23.54|724,704,000,000|20,725,600,000,000
2023-12-16|33,840,401,518,225.69|2,025.57|23.24|724,704,000,000|20,725,600,000,000
2023-12-17|33,840,401,518,225.69|2,025.57|23.84|724,704,000,000|20,725,600,000,000
2023-12-18|33,883,845,835,556.04|2,024.34|23.84|724,704,000,000|20,725,600,000,000
2023-12-19|33,891,285,134,712.08|2,040.55|24.12|773,082,000,000|20,725,600,000,000
2023-12-20|33,892,115,414,659.10|2,036.60|24.29|779,143,000,000|20,725,600,000,000
2023-12-21|33,870,523,504,708.77|2,049.32|24.39|778,402,000,000|20,725,600,000,000
2023-12-22|33,887,666,090,658.40|2,053.00|24.19|772,258,000,000|20,725,600,000,000
2023-12-23|33,887,666,090,658.40|2,053.00|24.19|772,258,000,000|20,725,600,000,000
2023-12-24|33,887,666,090,658.40|2,055.71|24.20|772,258,000,000|20,725,600,000,000
2023-12-25|33,887,666,090,658.40|2,064.17|24.40|772,258,000,000|20,725,600,000,000
2023-12-26|33,901,019,328,885.77|2,065.41|24.20|793,937,000,000|20,767,400,000,000
2023-12-27|33,905,473,436,272.38|2,086.74|24.44|818,869,000,000|20,767,400,000,000
2023-12-28|33,896,083,378,248.05|2,070.22|23.83|829,573,000,000|20,767,400,000,000
2023-12-29|33,911,227,723,170.48|2,062.90|23.80|1,018,483,000,000|20,767,400,000,000
2023-12-30|33,911,227,723,170.48|2,062.90|23.80|1,018,483,000,000|20,767,400,000,000
2023-12-31|33,911,227,723,170.48|2,066.26|23.79|1,018,483,000,000|20,767,400,000,000
2024-01-01|33,911,227,723,170.48|2,069.26|23.92|1,018,483,000,000|20,767,400,000,000
2024-01-02|34,001,493,655,565.48|2,064.69|23.69|704,864,000,000|20,767,400,000,000
2024-01-03|33,990,127,522,066.83|2,042.94|22.95|719,897,000,000|20,767,400,000,000
2024-01-04|33,994,219,872,567.85|2,045.11|23.13|664,899,000,000|20,767,400,000,000
2024-01-05|34,006,270,930,685.56|2,045.57|23.19|694,478,000,000|20,767,400,000,000
2024-01-06|34,006,270,930,685.56|2,045.57|23.19|694,478,000,000|20,767,400,000,000
2024-01-07|34,006,270,930,685.56|2,036.07|23.03|694,478,000,000|20,767,400,000,000
2024-01-08|34,009,690,055,595.81|2,033.32|23.14|691,485,000,000|20,767,400,000,000
2024-01-09|34,012,198,872,291.96|2,029.98|22.96|676,050,000,000|20,767,400,000,000
2024-01-10|34,024,775,058,581.46|2,032.14|23.02|679,961,000,000|20,767,400,000,000
2024-01-11|34,002,438,877,490.81|2,034.99|22.88|626,370,000,000|20,767,400,000,000
2024-01-12|34,058,513,894,474.08|2,048.99|23.19|603,116,000,000|20,767,400,000,000
2024-01-13|34,058,513,894,474.08|2,048.99|23.19|603,116,000,000|20,767,400,000,000
2024-01-14|34,058,513,894,474.08|2,054.41|23.25|603,116,000,000|20,767,400,000,000
2024-01-15|34,058,513,894,474.08|2,049.35|23.14|603,116,000,000|20,767,400,000,000
2024-01-16|34,058,157,809,451.17|2,025.24|22.86|583,103,000,000|20,767,400,000,000
2024-01-17|34,061,551,582,176.05|2,008.27|22.60|590,191,000,000|20,767,400,000,000
2024-01-18|34,060,163,447,630.43|2,021.04|22.68|618,234,000,000|20,767,400,000,000
2024-01-19|34,069,900,131,753.02|2,029.62|22.61|625,182,000,000|20,767,400,000,000
2024-01-20|34,069,900,131,753.02|2,029.62|22.61|625,182,000,000|20,767,400,000,000
2024-01-21|34,069,900,131,753.02|2,025.33|22.51|625,182,000,000|20,767,400,000,000
2024-01-22|34,072,342,032,939.15|2,027.47|22.29|647,103,000,000|20,767,400,000,000
2024-01-23|34,076,671,717,711.41|2,024.66|22.40|621,195,000,000|20,865,200,000,000
2024-01-24|34,109,378,375,744.03|2,015.88|22.74|639,560,000,000|20,865,200,000,000
2024-01-25|34,088,375,076,993.31|2,021.18|22.90|557,687,000,000|20,865,200,000,000
2024-01-26|34,135,530,482,291.88|2,018.57|22.80|570,828,000,000|20,865,200,000,000
2024-01-27|34,135,530,482,291.88|2,018.57|22.80|570,828,000,000|20,865,200,000,000
2024-01-28|34,135,530,482,291.88|2,026.09|22.93|570,828,000,000|20,865,200,000,000
2024-01-29|34,135,457,061,639.36|2,031.54|23.14|581,410,000,000|20,865,200,000,000
2024-01-30|34,138,472,491,310.02|2,034.74|23.09|577,755,000,000|20,865,200,000,000
2024-01-31|34,172,829,341,468.41|2,045.87|22.99|615,379,000,000|20,865,200,000,000
2024-02-01|34,191,150,402,393.64|2,054.89|23.16|503,548,000,000|20,865,200,000,000
2024-02-02|34,155,015,629,668.67|2,039.66|22.69|513,422,000,000|20,865,200,000,000
2024-02-03|34,155,015,629,668.67|2,039.66|22.69|513,422,000,000|20,865,200,000,000
2024-02-04|34,155,015,629,668.67|2,031.94|22.55|513,422,000,000|20,865,200,000,000
2024-02-05|34,147,347,620,186.87|2,026.26|22.36|552,289,000,000|20,865,200,000,000
2024-02-06|34,153,974,129,467.71|2,035.41|22.35|532,439,000,000|20,865,200,000,000
2024-02-07|34,196,564,648,055.77|2,031.83|22.25|553,055,000,000|20,865,200,000,000
2024-02-08|34,197,594,492,349.48|2,032.80|22.62|535,705,000,000|20,865,200,000,000
2024-02-09|34,228,699,143,453.34|2,024.49|22.61|569,175,000,000|20,865,200,000,000
2024-02-10|34,228,699,143,453.34|2,024.49|22.61|569,175,000,000|20,865,200,000,000
2024-02-11|34,228,699,143,453.34|2,023.04|22.70|569,175,000,000|20,865,200,000,000
2024-02-12|34,228,178,296,346.87|2,019.06|22.71|581,568,000,000|20,865,200,000,000
2024-02-13|34,230,783,465,383.28|1,992.54|22.04|553,684,000,000|20,865,200,000,000
2024-02-14|34,269,060,493,914.81|1,992.11|22.40|575,332,000,000|20,865,200,000,000
2024-02-15|34,245,315,231,752.02|2,003.80|22.96|493,065,000,000|20,865,200,000,000
2024-02-16|34,266,061,012,653.21|2,012.99|23.42|532,125,000,000|20,865,200,000,000
2024-02-17|34,266,061,012,653.21|2,012.99|23.42|532,125,000,000|20,865,200,000,000
2024-02-18|34,266,061,012,653.21|2,018.93|23.08|532,125,000,000|20,865,200,000,000
2024-02-19|34,266,061,012,653.21|2,019.71|22.98|532,125,000,000|20,865,200,000,000
2024-02-20|34,267,230,736,108.38|2,031.06|23.17|530,879,000,000|20,865,200,000,000
2024-02-21|34,305,120,631,653.51|2,028.88|22.98|574,882,000,000|20,865,200,000,000
2024-02-22|34,297,767,975,339.20|2,026.32|22.79|553,245,000,000|20,865,200,000,000
2024-02-23|34,332,006,626,320.48|2,035.57|22.95|520,107,000,000|20,865,200,000,000
2024-02-24|34,332,006,626,320.48|2,035.57|22.95|520,107,000,000|20,865,200,000,000
2024-02-25|34,332,006,626,320.48|2,032.24|22.83|520,107,000,000|20,865,200,000,000
2024-02-26|34,368,198,372,899.16|2,033.85|22.54|524,959,000,000|20,865,200,000,000
2024-02-27|34,376,317,052,037.23|2,030.40|22.42|519,725,000,000|20,781,800,000,000
2024-02-28|34,405,200,371,310.35|2,035.27|22.50|569,855,000,000|20,781,800,000,000
2024-02-29|34,382,148,207,560.53|2,045.55|22.74|502,074,000,000|20,781,800,000,000
2024-03-01|34,471,083,238,111.75|2,082.55|23.13|441,265,000,000|20,781,800,000,000
2024-03-02|34,471,083,238,111.75|2,082.55|23.13|441,265,000,000|20,781,800,000,000
2024-03-03|34,471,083,238,111.75|2,080.87|23.04|441,265,000,000|20,781,800,000,000
2024-03-04|34,393,262,399,002.40|2,115.55|23.72|439,793,000,000|20,781,800,000,000
2024-03-05|34,410,892,192,352.05|2,126.30|23.64|444,474,000,000|20,781,800,000,000
2024-03-06|34,438,950,067,961.33|2,158.56|24.20|456,847,000,000|20,781,800,000,000
2024-03-07|34,440,831,955,756.54|2,157.62|24.34|436,754,000,000|20,781,800,000,000
2024-03-08|34,461,406,559,733.48|2,178.79|24.31|444,803,000,000|20,781,800,000,000
2024-03-09|34,461,406,559,733.48|2,178.79|24.31|444,803,000,000|20,781,800,000,000
2024-03-10|34,461,406,559,733.48|2,180.29|24.30|444,803,000,000|20,781,800,000,000
2024-03-11|34,465,058,258,901.44|2,177.36|24.45|478,728,000,000|20,781,800,000,000
2024-03-12|34,471,482,665,578.20|2,159.39|24.12|476,862,000,000|20,781,800,000,000
2024-03-13|34,497,203,823,900.22|2,172.26|25.01|521,738,000,000|20,781,800,000,000
2024-03-14|34,475,874,743,406.64|2,164.84|25.00|483,573,000,000|20,781,800,000,000
2024-03-15|34,486,220,026,285.95|2,156.08|25.18|413,877,000,000|20,781,800,000,000
2024-03-16|34,486,220,026,285.95|2,156.08|25.18|413,877,000,000|20,781,800,000,000
2024-03-17|34,486,220,026,285.95|2,146.69|25.01|413,877,000,000|20,781,800,000,000
2024-03-18|34,542,838,497,262.94|2,161.45|25.12|440,596,000,000|20,781,800,000,000
2024-03-19|34,551,363,248,839.89|2,159.40|24.95|446,978,000,000|20,781,800,000,000
2024-03-20|34,582,304,524,890.88|2,202.66|25.62|496,245,000,000|20,781,800,000,000
2024-03-21|34,561,173,662,194.19|2,174.19|24.56|460,631,000,000|20,781,800,000,000
2024-03-22|34,578,032,221,509.83|2,165.64|24.68|478,531,000,000|20,781,800,000,000
2024-03-23|34,578,032,221,509.83|2,165.64|24.68|478,531,000,000|20,781,800,000,000
2024-03-24|34,578,032,221,509.83|2,170.29|24.68|478,531,000,000|20,781,800,000,000
2024-03-25|34,582,121,266,033.57|2,170.21|24.63|473,787,000,000|20,781,800,000,000
2024-03-26|34,598,187,991,362.71|2,178.33|24.45|496,062,000,000|20,783,600,000,000
2024-03-27|34,594,388,870,175.66|2,194.54|24.69|518,357,000,000|20,783,600,000,000
2024-03-28|34,573,199,545,841.43|2,232.75|24.95|594,428,000,000|20,783,600,000,000
2024-03-29|34,578,609,157,179.32|2,232.75|24.95|594,428,000,000|20,783,600,000,000
2024-03-30|34,578,609,157,179.32|2,232.75|24.95|594,428,000,000|20,783,600,000,000
2024-03-31|34,578,609,157,179.32|2,264.81|25.26|594,428,000,000|20,783,600,000,000
2024-04-01|34,586,533,479,349.88|2,251.55|25.26|441,903,000,000|20,783,600,000,000
2024-04-02|34,627,201,333,064.10|2,284.94|26.38|448,424,000,000|20,783,600,000,000
2024-04-03|34,622,291,870,051.13|2,299.70|27.12|436,631,000,000|20,783,600,000,000
2024-04-04|34,604,337,792,885.31|2,277.15|26.51|438,764,000,000|20,783,600,000,000
2024-04-05|34,598,968,534,947.36|2,329.93|27.49|438,319,000,000|20,783,600,000,000
2024-04-06|34,598,968,534,947.36|2,329.93|27.49|438,319,000,000|20,783,600,000,000
2024-04-07|34,598,968,534,947.36|2,343.01|27.85|438,319,000,000|20,783,600,000,000
2024-04-08|34,600,643,492,585.10|2,344.05|27.81|448,597,000,000|20,783,600,000,000
2024-04-09|34,608,412,560,642.47|2,351.58|28.13|441,792,000,000|20,783,600,000,000
2024-04-10|34,581,009,999,544.53|2,344.01|27.99|445,816,000,000|20,783,600,000,000
2024-04-11|34,561,015,516,956.28|2,384.26|28.77|455,361,000,000|20,783,600,000,000
2024-04-12|34,550,836,614,631.68|2,344.53|27.94|407,322,000,000|20,783,600,000,000
2024-04-13|34,550,836,614,631.68|2,344.53|27.94|407,322,000,000|20,783,600,000,000
2024-04-14|34,550,836,614,631.68|2,358.76|28.24|407,322,000,000|20,783,600,000,000
2024-04-15|34,553,219,625,645.51|2,387.01|28.81|327,066,000,000|20,783,600,000,000
2024-04-16|34,603,202,832,010.75|2,382.17|28.16|371,554,000,000|20,783,600,000,000
2024-04-17|34,591,001,330,876.91|2,374.74|28.41|440,508,000,000|20,783,600,000,000
2024-04-18|34,576,488,508,928.92|2,391.92|28.40|433,006,000,000|20,783,600,000,000
2024-04-19|34,583,094,965,544.54|2,390.86|28.67|397,234,000,000|20,783,600,000,000
2024-04-20|34,583,094,965,544.54|2,390.86|28.67|397,234,000,000|20,783,600,000,000
2024-04-21|34,583,094,965,544.54|2,369.88|28.02|397,234,000,000|20,783,600,000,000
2024-04-22|34,585,528,182,775.46|2,303.61|26.95|409,816,000,000|20,783,600,000,000
2024-04-23|34,591,776,354,253.41|2,328.12|27.45|435,880,000,000|20,841,200,000,000
2024-04-24|34,581,882,240,753.07|2,313.76|27.09|441,215,000,000|20,841,200,000,000
2024-04-25|34,571,627,122,114.08|2,334.18|27.48|443,928,000,000|20,841,200,000,000
2024-04-26|34,554,969,025,868.11|2,337.94|27.18|464,912,000,000|20,841,200,000,000
2024-04-27|34,554,969,025,868.11|2,337.94|27.18|464,912,000,000|20,841,200,000,000
2024-04-28|34,554,969,025,868.11|2,327.85|27.24|464,912,000,000|20,841,200,000,000
2024-04-29|34,558,414,957,091.51|2,329.61|26.94|505,530,000,000|20,841,200,000,000
2024-04-30|34,562,760,121,518.06|2,284.10|26.39|534,234,000,000|20,841,200,000,000
2024-05-01|34,616,994,016,250.88|2,319.80|26.57|438,148,000,000|20,841,200,000,000
2024-05-02|34,558,286,201,504.24|2,302.17|26.63|428,680,000,000|20,841,200,000,000
2024-05-03|34,563,348,818,204.50|2,302.57|26.56|450,165,000,000|20,841,200,000,000
2024-05-04|34,563,348,818,204.50|2,302.57|26.56|450,165,000,000|20,841,200,000,000
2024-05-05|34,563,348,818,204.50|2,309.96|26.93|450,165,000,000|20,841,200,000,000
2024-05-06|34,548,206,284,406.41|2,324.56|27.39|468,970,000,000|20,841,200,000,000
2024-05-07|34,560,847,639,827.59|2,316.69|27.34|475,325,000,000|20,841,200,000,000
2024-05-08|34,559,395,239,870.33|2,312.45|27.48|493,427,000,000|20,841,200,000,000
2024-05-09|34,541,727,970,599.17|2,353.19|28.35|458,550,000,000|20,841,200,000,000
2024-05-10|34,544,912,251,854.53|2,360.48|28.18|486,434,000,000|20,841,200,000,000
2024-05-11|34,544,912,251,854.53|2,360.48|28.18|486,434,000,000|20,841,200,000,000
2024-05-12|34,544,912,251,854.53|2,357.53|28.11|486,434,000,000|20,841,200,000,000
2024-05-13|34,544,592,017,605.72|2,343.14|28.41|492,068,000,000|20,841,200,000,000
2024-05-14|34,552,162,118,847.87|2,360.67|28.61|468,344,000,000|20,841,200,000,000
2024-05-15|34,572,509,369,831.78|2,388.71|29.54|443,779,000,000|20,841,200,000,000
2024-05-16|34,534,845,450,747.16|2,377.35|29.51|410,121,000,000|20,841,200,000,000
2024-05-17|34,552,930,923,742.92|2,413.94|31.43|449,373,000,000|20,841,200,000,000
2024-05-18|34,552,930,923,742.92|2,413.94|31.43|449,373,000,000|20,841,200,000,000
2024-05-19|34,552,930,923,742.92|2,438.45|32.38|449,373,000,000|20,841,200,000,000
2024-05-20|34,560,897,354,777.70|2,414.35|31.43|489,728,000,000|20,841,200,000,000
2024-05-21|34,569,111,311,921.07|2,413.23|31.63|491,720,000,000|20,841,200,000,000
2024-05-22|34,585,560,195,036.84|2,372.27|30.53|496,382,000,000|20,841,200,000,000
2024-05-23|34,568,254,514,015.39|2,330.02|30.23|467,398,000,000|20,841,200,000,000
2024-05-24|34,577,128,968,551.63|2,334.20|30.36|431,239,000,000|20,841,200,000,000
2024-05-25|34,577,128,968,551.63|2,334.20|30.36|431,239,000,000|20,841,200,000,000
2024-05-26|34,577,128,968,551.63|2,345.98|30.83|431,239,000,000|20,841,200,000,000
2024-05-27|34,577,128,968,551.63|2,350.88|31.77|431,239,000,000|20,841,200,000,000
2024-05-28|34,587,980,444,101.39|2,358.27|32.11|417,836,000,000|20,867,300,000,000
2024-05-29|34,606,167,915,025.93|2,334.31|31.61|459,314,000,000|20,867,300,000,000
2024-05-30|34,621,658,355,452.18|2,343.08|30.95|452,034,000,000|20,867,300,000,000
2024-05-31|34,609,796,817,427.65|2,327.35|30.41|439,806,000,000|20,867,300,000,000
2024-06-01|34,609,796,817,427.65|2,327.35|30.41|439,806,000,000|20,867,300,000,000
2024-06-02|34,609,796,817,427.65|2,322.06|30.15|439,806,000,000|20,867,300,000,000
2024-06-03|34,667,115,142,400.83|2,346.23|30.58|387,069,000,000|20,867,300,000,000
2024-06-04|34,635,364,143,328.14|2,337.01|29.70|377,825,000,000|20,867,300,000,000
2024-06-05|34,655,635,889,090.12|2,368.41|30.41|371,841,000,000|20,867,300,000,000
2024-06-06|34,659,901,034,605.69|2,380.10|31.33|378,125,000,000|20,867,300,000,000
2024-06-07|34,670,632,654,267.19|2,293.84|29.17|395,462,000,000|20,867,300,000,000
2024-06-08|34,670,632,654,267.19|2,293.85|29.17|395,462,000,000|20,867,300,000,000
2024-06-09|34,670,632,654,267.19|2,295.45|29.43|395,462,000,000|20,867,300,000,000
2024-06-10|34,672,892,047,832.53|2,303.98|29.25|416,481,000,000|20,867,300,000,000
2024-06-11|34,709,420,097,175.88|2,314.04|29.45|410,449,000,000|20,867,300,000,000
2024-06-12|34,702,935,789,016.26|2,314.26|29.17|447,574,000,000|20,867,300,000,000
2024-06-13|34,681,313,704,677.46|2,305.61|28.99|429,864,000,000|20,867,300,000,000
2024-06-14|34,683,580,629,557.70|2,333.01|29.58|386,885,000,000|20,867,300,000,000
2024-06-15|34,683,580,629,557.70|2,333.01|29.58|386,885,000,000|20,867,300,000,000
2024-06-16|34,683,580,629,557.70|2,324.60|29.24|386,885,000,000|20,867,300,000,000
2024-06-17|34,681,081,398,133.85|2,324.73|29.50|333,429,000,000|20,867,300,000,000
2024-06-18|34,750,498,829,987.55|2,328.30|29.44|375,542,000,000|20,867,300,000,000
2024-06-19|34,750,498,829,987.55|2,333.90|30.17|375,542,000,000|20,867,300,000,000
2024-06-20|34,734,110,906,935.60|2,361.48|30.62|388,841,000,000|20,867,300,000,000
2024-06-21|34,725,850,323,608.22|2,320.79|29.54|421,040,000,000|20,867,300,000,000
2024-06-22|34,725,850,323,608.22|2,320.79|29.54|421,040,000,000|20,867,300,000,000
2024-06-23|34,725,850,323,608.22|2,325.65|29.55|421,040,000,000|20,867,300,000,000
2024-06-24|34,733,747,766,164.31|2,325.08|29.45|435,916,000,000|20,867,300,000,000
2024-06-25|34,748,602,469,986.14|2,317.08|28.92|466,310,000,000|20,963,400,000,000
2024-06-26|34,748,398,688,455.49|2,299.04|28.78|490,156,000,000|20,963,400,000,000
2024-06-27|34,724,689,266,963.11|2,321.31|29.08|531,692,000,000|20,963,400,000,000
2024-06-28|34,722,776,927,246.15|2,326.73|29.14|664,570,000,000|20,963,400,000,000
2024-06-29|34,722,776,927,246.15|2,326.73|29.14|664,570,000,000|20,963,400,000,000
2024-06-30|34,722,776,927,246.15|2,324.96|29.11|664,570,000,000|20,963,400,000,000
2024-07-01|34,831,634,431,393.47|2,326.44|29.30|451,783,000,000|20,963,400,000,000
2024-07-02|34,841,059,628,786.80|2,332.23|29.63|443,369,000,000|20,963,400,000,000
2024-07-03|34,866,040,431,327.31|2,358.07|30.38|425,898,000,000|20,963,400,000,000
2024-07-04|34,866,040,431,327.31|2,361.48|30.55|425,898,000,000|20,963,400,000,000
2024-07-05|34,847,568,990,054.13|2,391.58|31.21|390,632,000,000|20,963,400,000,000
2024-07-06|34,847,568,990,054.13|2,391.58|31.21|390,632,000,000|20,963,400,000,000
2024-07-07|34,847,568,990,054.13|2,382.44|31.06|390,632,000,000|20,963,400,000,000
2024-07-08|34,852,201,287,595.04|2,367.74|30.98|415,257,000,000|20,963,400,000,000
2024-07-09|34,857,390,059,828.10|2,367.78|30.83|423,152,000,000|20,963,400,000,000
2024-07-10|34,884,371,510,047.60|2,378.93|31.01|422,147,000,000|20,963,400,000,000
2024-07-11|34,861,321,658,685.01|2,409.02|31.22|403,708,000,000|20,963,400,000,000
2024-07-12|34,888,939,546,525.91|2,411.67|30.79|406,590,000,000|20,963,400,000,000
2024-07-13|34,888,939,546,525.91|2,411.67|30.79|406,590,000,000|20,963,400,000,000
2024-07-14|34,888,939,546,525.91|2,411.86|30.93|406,590,000,000|20,963,400,000,000
2024-07-15|34,889,213,426,967.08|2,428.64|30.82|413,280,000,000|20,963,400,000,000
2024-07-16|34,911,647,554,064.35|2,471.40|31.11|409,594,000,000|20,963,400,000,000
2024-07-17|34,940,154,193,610.64|2,468.08|30.42|399,401,000,000|20,963,400,000,000
2024-07-18|34,923,277,120,226.95|2,429.40|29.66|391,652,000,000|20,963,400,000,000
2024-07-19|34,945,963,278,406.29|2,400.77|29.21|379,801,000,000|20,963,400,000,000
2024-07-20|34,945,963,278,406.29|2,400.77|29.21|379,801,000,000|20,963,400,000,000
2024-07-21|34,945,963,278,406.29|2,407.06|29.15|379,801,000,000|20,963,400,000,000
2024-07-22|34,944,251,830,592.92|2,398.35|29.02|395,901,000,000|20,963,400,000,000
2024-07-23|34,950,138,997,139.35|2,416.57|29.31|389,837,000,000|21,024,700,000,000
2024-07-24|34,988,121,329,285.52|2,374.03|27.92|399,121,000,000|21,024,700,000,000
2024-07-25|34,969,578,299,467.18|2,371.92|27.81|377,433,000,000|21,024,700,000,000
2024-07-26|34,997,540,505,103.33|2,387.03|27.91|381,257,000,000|21,024,700,000,000
2024-07-27|34,997,540,505,103.33|2,387.03|27.91|381,257,000,000|21,024,700,000,000
2024-07-28|34,997,540,505,103.33|2,394.36|28.09|381,257,000,000|21,024,700,000,000
2024-07-29|35,001,278,179,208.67|2,385.94|27.85|385,281,000,000|21,024,700,000,000
2024-07-30|35,004,415,930,299.00|2,417.24|28.59|367,054,000,000|21,024,700,000,000
2024-07-31|35,043,209,977,687.27|2,442.99|28.89|413,200,000,000|21,024,700,000,000
2024-08-01|35,104,770,649,301.03|2,454.77|28.79|348,885,000,000|21,024,700,000,000
2024-08-02|35,059,402,347,141.52|2,441.95|28.56|338,473,000,000|21,024,700,000,000
2024-08-03|35,059,402,347,141.52|2,441.95|28.56|338,473,000,000|21,024,700,000,000
2024-08-04|35,059,402,347,141.52|2,451.91|28.59|338,473,000,000|21,024,700,000,000
2024-08-05|35,051,428,694,554.99|2,408.50|27.24|316,246,000,000|21,024,700,000,000
2024-08-06|35,059,256,376,453.14|2,385.01|27.08|291,958,000,000|21,024,700,000,000
2024-08-07|35,085,786,495,843.24|2,394.49|26.94|286,660,000,000|21,024,700,000,000
2024-08-08|35,094,756,345,920.31|2,421.00|27.64|303,159,000,000|21,024,700,000,000
2024-08-09|35,123,327,978,028.47|2,431.10|27.46|312,198,000,000|21,024,700,000,000
2024-08-10|35,123,327,978,028.47|2,431.10|27.46|312,198,000,000|21,024,700,000,000
2024-08-11|35,123,327,978,028.47|2,428.91|27.38|312,198,000,000|21,024,700,000,000
2024-08-12|35,122,527,132,406.43|2,463.83|27.72|328,641,000,000|21,024,700,000,000
2024-08-13|35,126,850,161,739.27|2,461.13|27.71|324,494,000,000|21,024,700,000,000
2024-08-14|35,160,349,582,384.67|2,453.64|27.71|328,472,000,000|21,024,700,000,000
2024-08-15|35,137,624,661,984.40|2,452.78|28.18|307,141,000,000|21,024,700,000,000
2024-08-16|35,169,163,778,240.35|2,508.18|29.00|330,317,000,000|21,024,700,000,000
2024-08-17|35,169,163,778,240.35|2,508.18|29.00|330,317,000,000|21,024,700,000,000
2024-08-18|35,169,163,778,240.35|2,503.43|29.00|330,317,000,000|21,024,700,000,000
2024-08-19|35,167,228,191,213.46|2,502.03|29.33|333,583,000,000|21,024,700,000,000
2024-08-20|35,178,034,113,238.07|2,517.75|29.53|310,819,000,000|21,024,700,000,000
2024-08-21|35,215,900,370,093.07|2,501.97|29.44|321,329,000,000|21,024,700,000,000
2024-08-22|35,193,999,279,273.78|2,493.31|29.19|316,777,000,000|21,024,700,000,000
2024-08-23|35,210,350,799,546.12|2,512.19|29.83|312,896,000,000|21,024,700,000,000
2024-08-24|35,210,350,799,546.12|2,512.19|29.83|312,896,000,000|21,024,700,000,000
2024-08-25|35,210,350,799,546.12|2,509.95|29.66|312,896,000,000|21,024,700,000,000
2024-08-26|35,213,967,100,485.15|2,506.67|29.89|353,557,000,000|21,024,700,000,000
2024-08-27|35,225,184,901,185.83|2,516.26|29.87|344,045,000,000|21,054,400,000,000
2024-08-28|35,289,492,003,154.99|2,516.17|29.44|388,890,000,000|21,054,400,000,000
2024-08-29|35,269,696,270,863.86|2,513.53|29.35|383,434,000,000|21,054,400,000,000
2024-08-30|35,279,776,145,434.29|2,503.34|28.86|433,130,000,000|21,054,400,000,000
2024-08-31|35,279,776,145,434.29|2,503.34|28.86|433,130,000,000|21,054,400,000,000
2024-09-01|35,279,776,145,434.29|2,496.04|28.46|433,130,000,000|21,054,400,000,000
2024-09-02|35,279,776,145,434.29|2,495.14|28.46|433,130,000,000|21,054,400,000,000
2024-09-03|35,256,056,842,790.06|2,494.98|28.00|349,808,000,000|21,054,400,000,000
2024-09-04|35,319,686,640,609.98|2,495.18|28.23|337,312,000,000|21,054,400,000,000
2024-09-05|35,343,824,738,015.02|2,518.23|28.78|291,091,000,000|21,054,400,000,000
2024-09-06|35,345,572,154,736.15|2,497.40|27.93|299,271,000,000|21,054,400,000,000
2024-09-07|35,345,572,154,736.15|2,497.40|27.93|299,271,000,000|21,054,400,000,000
2024-09-08|35,345,572,154,736.15|2,499.49|28.09|299,271,000,000|21,054,400,000,000
2024-09-09|35,343,086,505,566.21|2,503.21|28.30|292,158,000,000|21,054,400,000,000
2024-09-10|35,346,632,271,646.61|2,519.56|28.47|281,392,000,000|21,054,400,000,000
2024-09-11|35,331,161,690,593.41|2,516.04|28.72|279,215,000,000|21,054,400,000,000
2024-09-12|35,309,184,612,870.00|2,567.64|29.93|294,464,000,000|21,054,400,000,000
2024-09-13|35,273,879,754,917.38|2,578.24|30.75|284,951,000,000|21,054,400,000,000
2024-09-14|35,273,879,754,917.38|2,578.24|30.75|284,951,000,000|21,054,400,000,000
2024-09-15|35,273,879,754,917.38|2,586.49|30.99|284,951,000,000|21,054,400,000,000
2024-09-16|35,268,781,589,361.92|2,577.93|30.80|239,386,000,000|21,054,400,000,000
2024-09-17|35,346,469,569,597.74|2,575.81|30.47|256,337,000,000|21,054,400,000,000
2024-09-18|35,350,842,310,771.10|2,564.49|30.37|305,831,000,000|21,054,400,000,000
2024-09-19|35,331,269,621,113.08|2,591.80|31.06|311,777,000,000|21,054,400,000,000
2024-09-20|35,327,646,622,839.45|2,622.30|31.17|339,316,000,000|21,054,400,000,000
2024-09-21|35,327,646,622,839.45|2,622.30|31.17|339,316,000,000|21,054,400,000,000
2024-09-22|35,327,646,622,839.45|2,628.36|31.07|339,316,000,000|21,054,400,000,000
2024-09-23|35,319,710,736,132.06|2,634.61|31.07|380,372,000,000|21,054,400,000,000
2024-09-24|35,324,636,379,347.22|2,661.23|31.96|388,977,000,000|21,174,900,000,000
2024-09-25|35,324,325,476,368.35|2,661.87|31.90|416,193,000,000|21,174,900,000,000
2024-09-26|35,303,965,164,452.88|2,673.86|31.94|424,916,000,000|21,174,900,000,000
2024-09-27|35,296,367,284,952.26|2,658.34|31.63|436,518,000,000|21,174,900,000,000
2024-09-28|35,296,367,284,952.26|2,658.34|31.63|436,518,000,000|21,174,900,000,000
2024-09-29|35,296,367,284,952.26|2,653.39|31.50|436,518,000,000|21,174,900,000,000
2024-09-30|35,321,337,344,400.43|2,637.71|31.35|465,638,000,000|21,174,900,000,000
2024-10-01|35,464,673,929,171.69|2,655.66|31.31|375,221,000,000|21,174,900,000,000
2024-10-02|35,668,947,367,182.09|2,656.23|31.66|383,398,000,000|21,174,900,000,000
2024-10-03|35,677,760,608,035.45|2,661.42|32.12|341,248,000,000|21,174,900,000,000
2024-10-04|35,677,796,842,519.70|2,653.25|32.23|330,012,000,000|21,174,900,000,000
2024-10-05|35,677,796,842,519.70|2,653.25|32.23|330,012,000,000|21,174,900,000,000
2024-10-06|35,677,796,842,519.70|2,647.12|32.08|330,012,000,000|21,174,900,000,000
2024-10-07|35,680,514,816,032.92|2,642.80|31.39|322,948,000,000|21,174,900,000,000
2024-10-08|35,682,617,798,771.80|2,617.12|30.56|325,355,000,000|21,174,900,000,000
2024-10-09|35,717,705,665,132.67|2,611.75|30.48|343,448,000,000|21,174,900,000,000
2024-10-10|35,693,841,261,552.04|2,645.86|31.31|322,587,000,000|21,174,900,000,000
2024-10-11|35,680,634,083,932.18|2,656.78|31.54|331,735,000,000|21,174,900,000,000
2024-10-12|35,680,634,083,932.18|2,656.78|31.54|331,735,000,000|21,174,900,000,000
2024-10-13|35,680,634,083,932.18|2,655.96|31.28|331,735,000,000|21,174,900,000,000
2024-10-14|35,680,634,083,932.18|2,646.04|31.15|331,735,000,000|21,174,900,000,000
2024-10-15|35,707,319,682,513.26|2,667.51|31.61|286,398,000,000|21,174,900,000,000
2024-10-16|35,751,271,808,625.45|2,677.00|31.57|272,028,000,000|21,174,900,000,000
2024-10-17|35,743,513,547,464.87|2,710.69|31.99|262,210,000,000|21,174,900,000,000
2024-10-18|35,769,084,471,524.38|2,721.42|33.71|259,892,000,000|21,174,900,000,000
2024-10-19|35,769,084,471,524.38|2,721.42|33.71|259,892,000,000|21,174,900,000,000
2024-10-20|35,769,084,471,524.38|2,731.98|34.08|259,892,000,000|21,174,900,000,000
2024-10-21|35,769,732,147,503.35|2,731.56|34.06|261,044,000,000|21,174,900,000,000
2024-10-22|35,772,750,214,886.62|2,746.33|34.67|237,760,000,000|21,221,200,000,000
2024-10-23|35,802,822,173,836.96|2,722.75|33.87|270,839,000,000|21,221,200,000,000
2024-10-24|35,777,371,535,343.63|2,726.17|33.44|202,798,000,000|21,221,200,000,000
2024-10-25|35,809,157,751,119.80|2,748.08|33.70|227,000,000,000|21,221,200,000,000
2024-10-26|35,809,157,751,119.80|2,748.08|33.70|227,000,000,000|21,221,200,000,000
2024-10-27|35,809,157,751,119.80|2,729.95|33.30|227,000,000,000|21,221,200,000,000
2024-10-28|35,815,392,559,823.53|2,751.61|33.88|251,032,000,000|21,221,200,000,000
2024-10-29|35,817,406,407,906.45|2,778.91|34.22|244,841,000,000|21,221,200,000,000
2024-10-30|35,848,521,510,437.02|2,784.62|33.61|228,946,000,000|21,221,200,000,000
2024-10-31|35,847,012,590,067.17|2,751.47|32.77|201,278,000,000|21,221,200,000,000
2024-11-01|35,951,601,173,936.02|2,736.41|32.46|155,476,000,000|21,221,200,000,000
2024-11-02|35,951,601,173,936.02|2,736.41|32.46|155,476,000,000|21,221,200,000,000
2024-11-03|35,951,601,173,936.02|2,741.02|32.71|155,476,000,000|21,221,200,000,000
2024-11-04|35,866,603,223,541.48|2,734.43|32.45|171,885,000,000|21,221,200,000,000
2024-11-05|35,884,401,015,854.36|2,741.60|32.35|144,243,000,000|21,221,200,000,000
2024-11-06|35,911,107,598,198.18|2,655.18|30.96|177,871,000,000|21,221,200,000,000
2024-11-07|35,912,058,541,218.85|2,693.94|31.72|159,002,000,000|21,221,200,000,000
2024-11-08|35,943,554,220,297.64|2,684.64|31.30|163,621,000,000|21,221,200,000,000
2024-11-09|35,943,554,220,297.64|2,684.64|31.30|163,621,000,000|21,221,200,000,000
2024-11-10|35,943,554,220,297.64|2,671.93|31.20|163,621,000,000|21,221,200,000,000
2024-11-11|35,943,554,220,297.64|2,616.95|30.57|163,621,000,000|21,221,200,000,000
2024-11-12|35,945,396,362,475.20|2,606.85|30.98|163,621,000,000|21,221,200,000,000
2024-11-13|35,963,765,584,299.24|2,564.65|30.21|238,106,000,000|21,221,200,000,000
2024-11-14|35,950,262,427,779.69|2,567.42|30.52|214,509,000,000|21,221,200,000,000
2024-11-15|35,965,533,024,604.05|2,562.85|30.25|172,400,000,000|21,221,200,000,000
2024-11-16|35,965,533,024,604.05|2,562.85|30.25|172,400,000,000|21,221,200,000,000
2024-11-17|35,965,533,024,604.05|2,592.68|30.71|172,400,000,000|21,221,200,000,000
2024-11-18|35,959,176,987,940.11|2,622.76|31.33|200,030,000,000|21,221,200,000,000
2024-11-19|35,963,976,342,723.91|2,636.57|31.18|200,664,000,000|21,221,200,000,000
2024-11-20|35,992,291,043,718.85|2,657.26|31.15|217,793,000,000|21,221,200,000,000
2024-11-21|35,973,905,978,114.70|2,688.61|30.94|188,567,000,000|21,221,200,000,000
2024-11-22|36,034,994,586,981.97|2,715.28|31.34|204,254,000,000|21,221,200,000,000
2024-11-23|36,034,994,586,981.97|2,715.28|31.34|204,254,000,000|21,221,200,000,000
2024-11-24|36,034,994,586,981.97|2,672.41|30.78|204,254,000,000|21,221,200,000,000
2024-11-25|36,047,523,137,936.35|2,626.08|30.34|186,749,000,000|21,221,200,000,000
2024-11-26|36,052,650,894,794.76|2,638.90|30.48|148,823,000,000|21,311,200,000,000
2024-11-27|36,113,570,535,802.53|2,631.30|29.89|169,815,000,000|21,311,200,000,000
2024-11-28|36,113,570,535,802.53|2,659.86|30.69|169,815,000,000|21,311,200,000,000
2024-11-29|36,090,597,225,804.43|2,649.87|30.62|197,627,000,000|21,311,200,000,000
2024-11-30|36,090,597,225,804.43|2,649.87|30.62|197,627,000,000|21,311,200,000,000
2024-12-01|36,090,597,225,804.43|2,627.98|30.16|197,627,000,000|21,311,200,000,000
2024-12-02|36,087,362,960,612.00|2,639.87|30.58|135,858,000,000|21,311,200,000,000
2024-12-03|36,171,181,955,284.36|2,647.68|31.03|161,572,000,000|21,311,200,000,000
2024-12-04|36,169,413,863,866.88|2,646.64|31.21|162,866,000,000|21,311,200,000,000
2024-12-05|36,170,511,547,438.85|2,642.29|31.40|131,964,000,000|21,311,200,000,000
2024-12-06|36,167,364,938,108.44|2,633.05|30.97|130,014,000,000|21,311,200,000,000
2024-12-07|36,167,364,938,108.44|2,633.05|30.97|130,014,000,000|21,311,200,000,000
2024-12-08|36,167,364,938,108.44|2,636.55|30.93|130,014,000,000|21,311,200,000,000
2024-12-09|36,166,037,570,457.33|2,670.58|31.98|153,029,000,000|21,311,200,000,000
2024-12-10|36,172,195,279,062.94|2,684.28|31.65|174,842,000,000|21,311,200,000,000
2024-12-11|36,163,442,396,226.61|2,713.45|32.07|180,120,000,000|21,311,200,000,000
2024-12-12|36,132,520,515,276.53|2,687.03|30.94|165,025,000,000|21,311,200,000,000
2024-12-13|36,133,463,898,632.02|2,648.96|30.56|135,777,000,000|21,311,200,000,000
2024-12-14|36,133,463,898,632.02|2,648.96|30.56|135,777,000,000|21,311,200,000,000
2024-12-15|36,133,463,898,632.02|2,652.56|30.52|135,777,000,000|21,311,200,000,000
2024-12-16|36,134,075,633,938.69|2,651.82|30.45|110,753,000,000|21,311,200,000,000
2024-12-17|36,192,895,704,983.65|2,644.98|30.40|118,093,000,000|21,311,200,000,000
2024-12-18|36,189,345,826,140.62|2,608.45|29.41|131,651,000,000|21,311,200,000,000
2024-12-19|36,167,604,149,955.61|2,598.51|29.00|112,417,000,000|21,311,200,000,000
2024-12-20|36,167,124,467,492.90|2,623.18|29.49|98,356,000,000|21,311,200,000,000
2024-12-21|36,167,124,467,492.90|2,623.18|29.49|98,356,000,000|21,311,200,000,000
2024-12-22|36,167,124,467,492.90|2,625.93|29.66|98,356,000,000|21,311,200,000,000
2024-12-23|36,161,621,015,445.57|2,619.71|29.74|116,004,000,000|21,311,200,000,000
2024-12-24|36,190,276,558,466.62|2,616.45|29.62|180,989,000,000|21,311,200,000,000
2024-12-25|36,190,276,558,466.62|2,627.75|29.66|180,989,000,000|21,311,200,000,000
2024-12-26|36,146,819,184,367.10|2,633.54|29.81|196,818,000,000|21,447,600,000,000
2024-12-27|36,112,807,709,307.61|2,622.18|29.36|268,739,000,000|21,447,600,000,000
2024-12-28|36,112,807,709,307.61|2,622.18|29.36|268,739,000,000|21,447,600,000,000
2024-12-29|36,112,807,709,307.61|2,622.05|29.45|268,739,000,000|21,447,600,000,000
2024-12-30|36,144,183,375,647.43|2,606.86|28.88|260,743,000,000|21,447,600,000,000
2024-12-31|36,150,157,230,460.04|2,624.49|28.84|473,460,000,000|21,447,600,000,000
2025-01-01|36,150,157,230,460.04|2,633.98|29.33|473,460,000,000|21,447,600,000,000
2025-01-02|36,218,605,311,689.91|2,662.56|29.61|239,858,000,000|21,447,600,000,000
2025-01-03|36,169,957,618,760.21|2,640.60|29.61|237,377,000,000|21,447,600,000,000
2025-01-04|36,169,957,618,760.21|2,640.60|29.61|237,377,000,000|21,447,600,000,000
2025-01-05|36,169,957,618,760.21|2,635.27|29.58|237,377,000,000|21,447,600,000,000
2025-01-06|36,164,146,727,045.82|2,638.26|30.05|231,926,000,000|21,447,600,000,000
2025-01-07|36,171,792,705,159.98|2,646.46|30.01|208,296,000,000|21,447,600,000,000
2025-01-08|36,178,676,019,215.59|2,658.36|30.13|185,144,000,000|21,447,600,000,000
2025-01-09|36,153,745,342,266.30|2,672.09|30.24|168,225,000,000|21,447,600,000,000
2025-01-10|36,166,393,613,679.73|2,689.34|30.41|178,800,000,000|21,447,600,000,000
2025-01-11|36,166,393,613,679.73|2,689.34|30.41|178,800,000,000|21,447,600,000,000
2025-01-12|36,166,393,613,679.73|2,685.90|30.22|178,800,000,000|21,447,600,000,000
2025-01-13|36,169,520,000,045.49|2,673.79|29.71|183,669,000,000|21,447,600,000,000
2025-01-14|36,173,455,107,711.11|2,675.52|29.80|160,219,000,000|21,447,600,000,000
2025-01-15|36,200,906,538,154.24|2,697.50|30.69|119,977,000,000|21,447,600,000,000
2025-01-16|36,174,170,135,464.01|2,714.84|30.73|94,489,000,000|21,447,600,000,000
2025-01-17|36,197,510,998,407.58|2,703.20|30.40|118,327,000,000|21,447,600,000,000
2025-01-18|36,197,510,998,407.58|2,703.20|30.40|118,327,000,000|21,447,600,000,000
2025-01-19|36,197,510,998,407.58|2,706.26|30.41|118,327,000,000|21,447,600,000,000
2025-01-20|36,197,510,998,407.58|2,727.29|30.60|118,327,000,000|21,447,600,000,000
2025-01-21|36,206,593,315,575.15|2,752.47|30.90|96,015,000,000|21,447,600,000,000
2025-01-22|36,218,258,403,326.35|2,751.86|30.65|123,981,000,000|21,447,600,000,000
2025-01-23|36,217,491,332,226.53|2,772.36|30.77|132,031,000,000|21,447,600,000,000
2025-01-24|36,222,002,723,844.24|2,771.73|30.64|104,972,000,000|21,447,600,000,000
2025-01-25|36,222,002,723,844.24|2,771.73|30.64|104,972,000,000|21,447,600,000,000
2025-01-26|36,222,002,723,844.24|2,758.10|30.34|104,972,000,000|21,447,600,000,000
2025-01-27|36,221,228,533,802.26|2,740.89|30.07|92,863,000,000|21,447,600,000,000
2025-01-28|36,218,906,298,311.33|2,762.68|30.43|112,760,000,000|21,533,800,000,000
2025-01-29|36,219,937,278,825.22|2,760.17|30.85|121,842,000,000|21,533,800,000,000
2025-01-30|36,219,161,589,293.08|2,795.92|31.42|125,965,000,000|21,533,800,000,000
2025-01-31|36,221,443,082,611.85|2,798.49|31.36|187,913,000,000|21,533,800,000,000
2025-02-01|36,221,443,082,611.85|2,798.49|31.36|187,913,000,000|21,533,800,000,000
2025-02-02|36,221,443,082,611.85|2,780.62|30.93|187,913,000,000|21,533,800,000,000
2025-02-03|36,220,206,738,047.96|2,819.79|31.48|97,781,000,000|21,533,800,000,000
2025-02-04|36,217,878,252,518.89|2,855.98|32.28|85,654,000,000|21,533,800,000,000
2025-02-05|36,218,901,460,828.96|2,868.60|32.22|78,788,000,000|21,533,800,000,000
2025-02-06|36,218,123,595,894.41|2,867.11|32.24|79,983,000,000|21,533,800,000,000
2025-02-07|36,220,361,045,794.81|2,861.25|31.82|95,248,000,000|21,533,800,000,000
2025-02-08|36,220,361,045,794.81|2,861.25|31.82|95,248,000,000|21,533,800,000,000
2025-02-09|36,220,361,045,794.81|2,879.04|32.06|95,248,000,000|21,533,800,000,000
2025-02-10|36,219,581,958,530.58|2,915.51|31.87|99,653,000,000|21,533,800,000,000
2025-02-11|36,217,244,743,854.40|2,885.98|31.77|76,446,000,000|21,533,800,000,000
2025-02-12|36,218,268,281,356.50|2,918.68|32.34|67,670,000,000|21,533,800,000,000
2025-02-13|36,217,487,855,772.08|2,928.86|32.53|67,820,000,000|21,533,800,000,000
2025-02-14|36,219,764,087,577.56|2,882.74|32.15|58,770,000,000|21,533,800,000,000
2025-02-15|36,219,764,087,577.56|2,882.74|32.15|58,770,000,000|21,533,800,000,000
2025-02-16|36,219,764,087,577.56|2,899.79|32.38|58,770,000,000|21,533,800,000,000
2025-02-17|36,219,764,087,577.56|2,910.08|32.39|58,770,000,000|21,533,800,000,000
2025-02-18|36,218,983,690,427.99|2,928.50|32.65|77,817,000,000|21,533,800,000,000
2025-02-19|36,219,592,701,106.67|2,940.87|32.80|73,196,000,000|21,533,800,000,000
2025-02-20|36,218,812,100,137.31|2,928.79|32.82|63,207,000,000|21,533,800,000,000
2025-02-21|36,222,989,450,273.97|2,936.00|32.50|68,983,000,000|21,533,800,000,000
2025-02-22|36,222,989,450,273.97|2,936.00|32.50|68,983,000,000|21,533,800,000,000
2025-02-23|36,222,989,450,273.97|2,939.11|32.69|68,983,000,000|21,533,800,000,000
2025-02-24|36,222,211,606,919.46|2,937.01|32.31|76,818,000,000|21,533,800,000,000
2025-02-25|36,219,878,534,361.59|2,915.22|31.70|96,000,000,000|21,561,400,000,000
2025-02-26|36,220,749,649,855.42|2,897.62|31.66|126,058,000,000|21,561,400,000,000
2025-02-27|36,219,980,655,775.79|2,864.68|31.22|182,148,000,000|21,561,400,000,000
2025-02-28|36,221,949,836,006.93|2,857.93|31.17|234,422,000,000|21,561,400,000,000
2025-03-01|36,221,949,836,006.93|2,857.93|31.17|234,422,000,000|21,561,400,000,000
2025-03-02|36,221,949,836,006.93|2,867.86|31.31|234,422,000,000|21,561,400,000,000
2025-03-03|36,218,923,369,370.10|2,892.25|31.67|119,987,000,000|21,561,400,000,000
2025-03-04|36,216,627,186,278.78|2,910.81|32.01|135,257,000,000|21,561,400,000,000
2025-03-05|36,217,457,726,432.81|2,917.65|32.60|139,493,000,000|21,561,400,000,000
2025-03-06|36,216,695,558,849.86|2,906.69|32.58|129,269,000,000|21,561,400,000,000
2025-03-07|36,218,587,006,168.51|2,911.17|32.55|136,305,000,000|21,561,400,000,000
2025-03-08|36,218,587,006,168.51|2,911.17|32.55|136,305,000,000|21,561,400,000,000
2025-03-09|36,218,587,006,168.51|2,911.69|32.43|136,305,000,000|21,561,400,000,000
2025-03-10|36,217,824,184,013.37|2,896.83|32.15|129,054,000,000|21,561,400,000,000
2025-03-11|36,215,535,706,949.98|2,915.89|32.77|137,310,000,000|21,561,400,000,000
2025-03-12|36,216,346,495,438.75|2,945.90|33.21|131,055,000,000|21,561,400,000,000
2025-03-13|36,215,588,741,627.31|2,991.87|33.90|113,435,000,000|21,561,400,000,000
2025-03-14|36,217,410,341,236.57|2,986.65|33.76|126,234,000,000|21,561,400,000,000
2025-03-15|36,217,410,341,236.57|2,986.65|33.76|126,234,000,000|21,561,400,000,000
2025-03-16|36,217,410,341,236.57|2,986.93|33.79|126,234,000,000|21,561,400,000,000
2025-03-17|36,216,656,361,372.88|3,012.06|33.92|89,496,000,000|21,561,400,000,000
2025-03-18|36,214,394,370,510.05|3,038.12|34.06|149,503,000,000|21,561,400,000,000
2025-03-19|36,215,212,669,334.38|3,050.07|33.87|193,378,000,000|21,561,400,000,000
2025-03-20|36,214,467,819,348.16|3,031.68|33.16|192,640,000,000|21,561,400,000,000
2025-03-21|36,218,222,045,186.34|3,022.96|33.03|200,850,000,000|21,561,400,000,000
2025-03-22|36,218,222,045,186.34|3,022.96|33.03|200,850,000,000|21,561,400,000,000
2025-03-23|36,218,222,045,186.34|3,017.59|33.11|200,850,000,000|21,561,400,000,000
2025-03-24|36,217,481,307,084.84|3,015.87|33.12|196,565,000,000|21,561,400,000,000
2025-03-25|36,215,258,907,037.79|3,016.80|33.63|214,786,000,000|21,671,000,000,000
2025-03-26|36,216,093,287,593.75|3,033.98|33.74|241,371,000,000|21,671,000,000,000
2025-03-27|36,215,356,534,171.37|3,074.62|34.29|291,785,000,000|21,671,000,000,000
2025-03-28|36,217,204,329,840.19|3,085.57|34.13|286,575,000,000|21,671,000,000,000
2025-03-29|36,217,204,329,840.19|3,085.57|34.13|286,575,000,000|21,671,000,000,000
2025-03-30|36,217,204,329,840.19|3,107.70|34.25|286,575,000,000|21,671,000,000,000
2025-03-31|36,216,470,672,037.87|3,147.02|34.19|399,167,000,000|21,671,000,000,000
2025-04-01|36,214,310,420,174.13|3,125.71|33.81|230,063,000,000|21,671,000,000,000
2025-04-02|36,215,156,673,113.80|3,148.67|33.39|233,488,000,000|21,671,000,000,000
2025-04-03|36,214,426,211,363.76|3,096.45|31.48|196,265,000,000|21,671,000,000,000
2025-04-04|36,216,495,027,787.96|3,037.65|29.62|184,499,000,000|21,671,000,000,000
2025-04-05|36,216,495,027,787.96|3,037.65|29.62|184,499,000,000|21,671,000,000,000
2025-04-06|36,216,495,027,787.96|3,018.64|29.97|184,499,000,000|21,671,000,000,000
2025-04-07|36,215,761,618,891.11|2,995.55|30.05|148,146,000,000|21,671,000,000,000
2025-04-08|36,213,561,491,981.13|3,006.52|29.84|156,911,000,000|21,671,000,000,000
2025-04-09|36,214,508,751,190.01|3,123.75|31.17|168,115,000,000|21,671,000,000,000
2025-04-10|36,213,771,222,289.59|3,217.86|31.34|129,950,000,000|21,671,000,000,000
2025-04-11|36,215,701,317,831.94|3,238.82|32.28|98,531,000,000|21,671,000,000,000
2025-04-12|36,215,701,317,831.94|3,238.82|32.28|98,531,000,000|21,671,000,000,000
2025-04-13|36,215,701,317,831.94|3,232.77|31.87|98,531,000,000|21,671,000,000,000
2025-04-14|36,214,966,389,282.11|3,225.84|32.26|102,838,000,000|21,671,000,000,000
2025-04-15|36,212,761,633,585.77|3,280.25|32.40|88,878,000,000|21,671,000,000,000
2025-04-16|36,214,325,271,235.26|3,343.23|32.63|54,772,000,000|21,671,000,000,000
2025-04-17|36,213,590,712,228.65|3,315.12|32.40|58,600,000,000|21,671,000,000,000
2025-04-18|36,217,480,035,223.27|3,315.12|32.40|58,600,000,000|21,671,000,000,000
2025-04-19|36,217,480,035,223.27|3,315.12|32.40|58,600,000,000|21,671,000,000,000
2025-04-20|36,217,480,035,223.27|3,315.12|32.40|58,600,000,000|21,671,000,000,000
2025-04-21|36,216,754,420,662.27|3,484.32|32.82|114,114,000,000|21,671,000,000,000
2025-04-22|36,214,577,610,342.96|3,339.22|32.70|137,951,000,000|21,762,500,000,000
2025-04-23|36,215,469,660,763.20|3,329.05|33.30|171,780,000,000|21,762,500,000,000
2025-04-24|36,214,749,867,321.42|3,336.15|33.48|130,004,000,000|21,762,500,000,000
2025-04-25|36,216,691,721,516.53|3,318.47|33.11|94,021,000,000|21,762,500,000,000
2025-04-26|36,216,691,721,516.53|3,318.47|33.11|94,021,000,000|21,762,500,000,000
2025-04-27|36,216,691,721,516.53|3,282.91|32.79|94,021,000,000|21,762,500,000,000
2025-04-28|36,215,973,825,751.09|3,312.08|32.97|148,649,000,000|21,762,500,000,000
2025-04-29|36,213,820,164,200.18|3,305.10|32.91|157,537,000,000|21,762,500,000,000
2025-04-30|36,214,714,517,960.73|3,231.81|32.03|250,601,000,000|21,762,500,000,000
2025-05-01|36,213,557,195,810.65|3,257.22|32.70|157,353,000,000|21,762,500,000,000
2025-05-02|36,215,576,799,286.87|3,241.36|32.05|147,882,000,000|21,762,500,000,000
2025-05-03|36,215,576,799,286.87|3,241.36|32.05|147,882,000,000|21,762,500,000,000
2025-05-04|36,215,576,799,286.87|3,255.97|32.16|147,882,000,000|21,762,500,000,000
2025-05-05|36,214,860,183,509.71|3,362.78|33.07|124,690,000,000|21,762,500,000,000
2025-05-06|36,212,710,389,147.45|3,377.91|32.98|129,858,000,000|21,762,500,000,000
2025-05-07|36,213,602,874,250.21|3,398.61|32.87|154,859,000,000|21,762,500,000,000
2025-05-08|36,212,886,111,158.26|3,309.93|32.44|139,768,000,000|21,762,500,000,000
2025-05-09|36,214,896,100,379.00|3,326.15|32.73|142,272,000,000|21,762,500,000,000
2025-05-10|36,214,896,100,379.00|3,326.15|32.73|142,272,000,000|21,762,500,000,000
2025-05-11|36,214,896,100,379.00|3,281.70|32.82|142,272,000,000|21,762,500,000,000
2025-05-12|36,214,181,120,572.57|3,237.50|33.03|147,505,000,000|21,762,500,000,000
2025-05-13|36,212,036,164,590.27|3,227.29|32.63|144,214,000,000|21,762,500,000,000
2025-05-14|36,212,978,908,050.01|3,152.32|31.88|165,024,000,000|21,762,500,000,000
2025-05-15|36,212,261,421,742.89|3,211.40|32.39|109,436,000,000|21,762,500,000,000
2025-05-16|36,216,429,412,019.81|3,201.22|32.28|136,799,000,000|21,762,500,000,000
2025-05-17|36,216,429,412,019.81|3,201.22|32.28|136,799,000,000|21,762,500,000,000
2025-05-18|36,216,429,412,019.81|3,212.56|32.30|136,799,000,000|21,762,500,000,000
2025-05-19|36,215,714,628,553.09|3,211.96|32.19|180,417,000,000|21,762,500,000,000
2025-05-20|36,213,570,763,720.98|3,308.46|33.06|136,033,000,000|21,762,500,000,000
2025-05-21|36,214,475,432,210.84|3,336.65|33.58|162,802,000,000|21,762,500,000,000
2025-05-22|36,213,761,221,110.82|3,302.50|33.15|173,018,000,000|21,762,500,000,000
2025-05-23|36,215,801,485,838.54|3,357.40|33.49|154,841,000,000|21,762,500,000,000
2025-05-24|36,215,801,485,838.54|3,357.40|33.49|154,841,000,000|21,762,500,000,000
2025-05-25|36,215,801,485,838.54|3,347.86|33.47|154,841,000,000|21,762,500,000,000
2025-05-26|36,215,801,485,838.54|3,342.15|33.31|154,841,000,000|21,762,500,000,000
2025-05-27|36,215,088,402,345.87|3,297.76|33.27|138,066,000,000|21,862,500,000,000
2025-05-28|36,213,853,751,952.05|3,275.13|33.20|173,641,000,000|21,862,500,000,000
2025-05-29|36,213,141,126,266.06|3,294.36|32.97|165,660,000,000|21,862,500,000,000
2025-05-30|36,215,176,317,298.42|3,289.57|32.98|315,657,000,000|21,862,500,000,000
2025-05-31|36,215,176,317,298.42|3,289.57|32.98|315,657,000,000|21,862,500,000,000
2025-06-01|36,215,176,317,298.42|3,307.06|33.01|315,657,000,000|21,862,500,000,000
2025-06-02|36,215,818,399,936.85|3,362.41|34.04|135,841,000,000|21,862,500,000,000
2025-06-03|36,214,400,664,854.53|3,360.01|34.48|153,177,000,000|21,862,500,000,000
2025-06-04|36,215,207,426,690.65|3,371.62|34.51|168,882,000,000|21,862,500,000,000
2025-06-05|36,214,501,400,213.64|3,371.71|36.05|152,727,000,000|21,862,500,000,000
2025-06-06|36,216,389,414,480.21|3,311.71|35.98|149,284,000,000|21,862,500,000,000
2025-06-07|36,216,389,414,480.21|3,311.71|35.98|149,284,000,000|21,862,500,000,000
2025-06-08|36,216,389,414,480.21|3,311.02|36.00|149,284,000,000|21,862,500,000,000
2025-06-09|36,215,685,263,667.36|3,308.07|36.55|179,315,000,000|21,862,500,000,000
2025-06-10|36,213,572,785,415.03|3,339.06|36.58|182,725,000,000|21,862,500,000,000
2025-06-11|36,214,280,590,105.74|3,372.65|36.38|204,625,000,000|21,862,500,000,000
2025-06-12|36,213,581,723,797.07|3,427.13|36.28|181,417,000,000|21,862,500,000,000
2025-06-13|36,217,452,092,903.81|3,433.47|36.32|168,645,000,000|21,862,500,000,000
2025-06-14|36,217,452,092,903.81|3,433.47|36.32|168,645,000,000|21,862,500,000,000
2025-06-15|36,217,452,092,903.81|3,429.64|36.21|168,645,000,000|21,862,500,000,000
2025-06-16|36,216,756,516,461.68|3,384.73|36.17|140,759,000,000|21,862,500,000,000
2025-06-17|36,214,669,844,058.55|3,389.96|37.24|168,939,000,000|21,862,500,000,000
2025-06-18|36,215,397,741,847.76|3,373.82|36.76|205,050,000,000|21,862,500,000,000
2025-06-19|36,215,397,741,847.76|3,355.21|35.81|0|21,862,500,000,000
2025-06-20|36,214,707,136,233.83|3,368.08|36.01|138,283,000,000|21,862,500,000,000
2025-06-21|36,214,707,136,233.83|3,368.08|36.01|138,283,000,000|21,862,500,000,000
2025-06-22|36,214,707,136,233.83|3,363.52|36.10|138,283,000,000|21,862,500,000,000
2025-06-23|36,215,873,428,835.86|3,352.27|36.13|165,319,000,000|21,862,500,000,000
2025-06-24|36,213,808,426,999.56|3,328.06|35.92|187,367,000,000|21,942,000,000,000
2025-06-25|36,214,553,337,753.25|3,338.47|36.39|210,879,000,000|21,942,000,000,000
2025-06-26|36,213,869,568,117.00|3,295.00|36.41|252,432,000,000|21,942,000,000,000
2025-06-27|36,215,806,064,740.36|3,274.23|36.00|285,742,000,000|21,942,000,000,000
2025-06-28|36,215,806,064,740.36|3,274.23|36.00|285,742,000,000|21,942,000,000,000
2025-06-29|36,215,806,064,740.36|3,279.53|36.12|285,742,000,000|21,942,000,000,000
2025-06-30|36,215,124,313,382.16|3,320.32|36.01|460,731,000,000|21,942,000,000,000
2025-07-01|36,211,469,351,821.31|3,340.18|35.98|245,530,000,000|21,942,000,000,000
2025-07-02|36,214,482,241,911.14|3,347.27|36.36|237,307,000,000|21,942,000,000,000
2025-07-03|36,213,797,741,182.40|3,338.23|36.79|214,665,000,000|21,942,000,000,000
2025-07-04|36,213,797,741,182.40|3,336.74|36.93|214,665,000,000|21,942,000,000,000
2025-07-05|36,213,797,741,182.40|3,336.74|36.93|214,665,000,000|21,942,000,000,000
2025-07-06|36,213,797,741,182.40|3,310.76|36.77|214,665,000,000|21,942,000,000,000
2025-07-07|36,215,869,297,299.75|3,332.47|36.79|218,030,000,000|21,942,000,000,000
2025-07-08|36,582,313,190,019.76|3,294.27|36.59|219,415,000,000|21,942,000,000,000
2025-07-09|36,625,815,401,249.79|3,315.74|36.45|227,273,000,000|21,942,000,000,000
2025-07-10|36,600,645,372,974.92|3,334.10|37.19|183,339,000,000|21,942,000,000,000
2025-07-11|36,595,101,611,079.13|3,355.95|38.42|181,637,000,000|21,942,000,000,000
2025-07-12|36,595,101,611,079.13|3,355.95|38.42|181,637,000,000|21,942,000,000,000
2025-07-13|36,595,101,611,079.13|3,356.65|38.79|181,637,000,000|21,942,000,000,000
2025-07-14|36,595,800,737,387.36|3,358.02|38.12|217,841,000,000|21,942,000,000,000
2025-07-15|36,598,345,542,154.94|3,334.26|37.83|198,277,000,000|21,942,000,000,000
2025-07-16|36,651,611,116,545.83|3,341.70|38.00|197,086,000,000|21,942,000,000,000
2025-07-17|36,627,854,976,862.70|3,335.65|38.16|193,660,000,000|21,942,000,000,000
2025-07-18|36,655,280,579,113.61|3,350.53|38.22|199,298,000,000|21,942,000,000,000
2025-07-19|36,655,280,579,113.61|3,350.53|38.22|199,298,000,000|21,942,000,000,000
2025-07-20|36,655,280,579,113.61|3,351.36|38.18|199,298,000,000|21,942,000,000,000
2025-07-21|36,653,918,652,499.85|3,392.97|38.86|213,666,000,000|21,942,000,000,000
2025-07-22|36,661,693,720,250.59|3,423.76|39.24|196,374,000,000|22,020,800,000,000
2025-07-23|36,711,532,407,363.75|3,384.59|39.04|189,632,000,000|22,020,800,000,000
2025-07-24|36,686,937,742,311.50|3,361.29|39.03|132,186,000,000|22,020,800,000,000
2025-07-25|36,721,531,033,602.97|3,336.67|38.18|150,509,000,000|22,020,800,000,000
2025-07-26|36,721,531,033,602.97|3,336.67|38.18|150,509,000,000|22,020,800,000,000
2025-07-27|36,721,531,033,602.97|3,340.92|38.23|150,509,000,000|22,020,800,000,000
2025-07-28|36,732,899,946,782.52|3,313.76|38.13|170,463,000,000|22,020,800,000,000
2025-07-29|36,734,926,076,305.30|3,328.74|38.21|171,018,000,000|22,020,800,000,000
2025-07-30|36,803,837,518,918.21|3,295.14|37.16|155,481,000,000|22,020,800,000,000
2025-07-31|36,802,240,561,898.39|3,291.83|36.58|214,445,000,000|22,020,800,000,000
2025-08-01|36,916,987,311,998.03|3,363.00|37.03|97,426,000,000|22,020,800,000,000
2025-08-02|36,916,987,311,998.03|3,363.00|37.03|97,426,000,000|22,020,800,000,000
2025-08-03|36,916,987,311,998.03|3,360.31|37.08|97,426,000,000|22,020,800,000,000
2025-08-04|36,826,902,934,749.25|3,373.61|37.40|125,730,000,000|22,020,800,000,000
2025-08-05|36,828,164,797,914.31|3,374.92|37.83|84,356,000,000|22,020,800,000,000
2025-08-06|36,930,452,345,865.16|3,380.14|38.02|91,966,000,000|22,020,800,000,000
2025-08-07|36,950,459,859,111.56|3,396.60|38.18|77,961,000,000|22,020,800,000,000
2025-08-08|36,996,205,967,149.22|3,398.17|38.34|80,303,000,000|22,020,800,000,000
2025-08-09|36,996,205,967,149.22|3,398.17|38.34|80,303,000,000|22,020,800,000,000
2025-08-10|36,996,205,967,149.22|3,378.36|38.07|80,303,000,000|22,020,800,000,000
2025-08-11|36,998,491,853,555.08|3,348.34|37.87|82,214,000,000|22,020,800,000,000
2025-08-12|37,004,817,625,842.56|3,349.85|38.15|57,492,000,000|22,020,800,000,000
2025-08-13|37,070,422,809,316.32|3,359.08|38.59|57,202,000,000|22,020,800,000,000
2025-08-14|37,045,338,077,527.04|3,343.81|38.03|28,818,000,000|22,020,800,000,000
2025-08-15|37,089,430,594,354.58|3,335.05|38.01|33,757,000,000|22,020,800,000,000
2025-08-16|37,089,430,594,354.58|3,335.05|38.01|33,757,000,000|22,020,800,000,000
2025-08-17|37,089,430,594,354.58|3,346.95|38.13|33,757,000,000|22,020,800,000,000
2025-08-18|37,137,282,641,767.74|3,337.57|37.92|38,240,000,000|22,020,800,000,000
2025-08-19|37,144,076,750,410.16|3,317.23|37.21|22,344,000,000|22,020,800,000,000
2025-08-20|37,208,856,314,804.55|3,340.00|37.85|34,999,000,000|22,020,800,000,000
2025-08-21|37,180,190,981,823.32|3,332.09|38.08|25,358,000,000|22,020,800,000,000
2025-08-22|37,232,288,662,023.91|3,372.64|38.89|36,275,000,000|22,020,800,000,000
2025-08-23|37,232,288,662,023.91|3,372.64|38.89|36,275,000,000|22,020,800,000,000
2025-08-24|37,232,288,662,023.91|3,367.39|38.84|36,275,000,000|22,020,800,000,000
2025-08-25|37,234,066,149,278.96|3,372.57|38.74|47,567,000,000|22,020,800,000,000
2025-08-26|37,254,222,904,720.97|3,380.72|38.54|28,574,000,000|22,115,400,000,000
2025-08-27|37,204,886,498,253.39|3,390.14|38.71|34,744,000,000|22,115,400,000,000
2025-08-28|37,283,968,901,443.54|3,411.19|38.85|31,966,000,000|22,115,400,000,000
2025-08-29|37,310,153,970,210.76|3,447.95|39.74|77,898,000,000|22,115,400,000,000
2025-08-30|37,310,153,970,210.76|3,447.95|39.74|77,898,000,000|22,115,400,000,000
2025-08-31|37,310,153,970,210.76|3,474.61|40.47|77,898,000,000|22,115,400,000,000
2025-09-01|37,310,153,970,210.76|3,495.09|40.76|77,898,000,000|22,115,400,000,000
2025-09-02|37,274,265,917,907.03|3,530.81|40.69|21,066,000,000|22,115,400,000,000
2025-09-03|37,413,538,427,516.19|3,528.95|40.73|17,923,000,000|22,115,400,000,000
2025-09-04|37,412,679,963,880.17|3,558.46|40.86|20,128,000,000|22,115,400,000,000
2025-09-05|37,430,128,115,822.76|3,586.75|41.01|20,997,000,000|22,115,400,000,000
2025-09-06|37,430,128,115,822.76|3,586.75|41.01|20,997,000,000|22,115,400,000,000
2025-09-07|37,430,128,115,822.76|3,583.55|40.62|20,997,000,000|22,115,400,000,000
2025-09-08|37,433,588,261,516.55|3,645.24|41.30|19,416,000,000|22,115,400,000,000
2025-09-09|37,440,609,216,979.63|3,636.56|41.04|22,915,000,000|22,115,400,000,000
2025-09-10|37,473,887,187,237.77|3,632.05|41.09|29,400,000,000|22,115,400,000,000
2025-09-11|37,450,743,855,028.23|3,652.92|42.05|26,897,000,000|22,115,400,000,000
2025-09-12|37,470,833,295,098.68|3,643.10|42.19|17,331,000,000|22,115,400,000,000
2025-09-13|37,470,833,295,098.68|3,643.10|42.19|17,331,000,000|22,115,400,000,000
2025-09-14|37,470,833,295,098.68|3,646.08|42.30|17,331,000,000|22,115,400,000,000
2025-09-15|37,461,799,057,660.24|3,681.19|42.57|16,954,000,000|22,115,400,000,000
2025-09-16|37,533,982,585,305.57|3,681.66|42.01|18,817,000,000|22,115,400,000,000
2025-09-17|37,502,758,153,725.95|3,658.55|41.49|13,963,000,000|22,115,400,000,000
2025-09-18|37,492,636,705,736.22|3,653.38|42.28|13,707,000,000|22,115,400,000,000
2025-09-19|37,509,824,280,685.29|3,685.77|43.09|11,363,000,000|22,115,400,000,000
2025-09-20|37,509,824,280,685.29|3,685.77|43.09|11,363,000,000|22,115,400,000,000
2025-09-21|37,509,824,280,685.29|3,695.52|43.54|11,363,000,000|22,115,400,000,000
2025-09-22|37,505,753,023,219.84|3,746.61|43.82|14,173,000,000|22,115,400,000,000
2025-09-23|37,511,743,906,522.52|3,766.32|44.11|14,402,000,000|22,195,400,000,000
2025-09-24|37,469,695,592,279.39|3,736.72|43.97|29,172,000,000|22,195,400,000,000
2025-09-25|37,454,537,246,248.71|3,745.60|44.79|25,369,000,000|22,195,400,000,000
2025-09-26|37,467,893,078,454.54|3,759.85|46.05|48,073,000,000|22,195,400,000,000
2025-09-27|37,467,893,078,454.54|3,759.85|46.05|48,073,000,000|22,195,400,000,000
2025-09-28|37,467,893,078,454.54|3,794.41|46.80|48,073,000,000|22,195,400,000,000
2025-09-29|37,499,704,495,767.33|3,864.76|47.04|56,220,000,000|22,195,400,000,000
2025-09-30|37,506,453,566,221.20|3,862.36|47.10|49,071,000,000|22,195,400,000,000
2025-10-01|37,637,553,494,935.61|3,866.53|47.25|10,179,000,000|22,195,400,000,000
2025-10-02|37,864,059,502,725.70|3,842.18|46.81|8,436,000,000|22,195,400,000,000
2025-10-03|37,881,842,797,107.39|3,886.80|47.99|25,392,000,000|22,195,400,000,000
2025-10-04|37,881,842,797,107.39|3,886.80|47.99|25,392,000,000|22,195,400,000,000
2025-10-05|37,881,842,797,107.39|3,930.22|48.55|25,392,000,000|22,195,400,000,000
2025-10-06|37,852,655,815,448.95|3,973.94|48.53|21,776,000,000|22,195,400,000,000
2025-10-07|37,863,241,283,552.57|4,015.06|48.37|4,622,000,000|22,195,400,000,000
2025-10-08|37,889,756,572,760.44|4,026.20|48.90|5,231,000,000|22,195,400,000,000
2025-10-09|37,863,837,866,592.00|3,962.10|49.21|4,496,000,000|22,195,400,000,000
2025-10-10|37,883,930,412,462.39|4,017.18|50.09|4,124,000,000|22,195,400,000,000
2025-10-11|37,883,930,412,462.39|4,017.18|50.09|4,124,000,000|22,195,400,000,000
2025-10-12|37,883,930,412,462.39|4,052.03|51.28|4,124,000,000|22,195,400,000,000
2025-10-13|37,883,930,412,462.39|4,163.60|53.18|4,124,000,000|22,195,400,000,000
2025-10-14|37,885,436,585,424.63|4,187.43|52.18|3,516,000,000|22,195,400,000,000
2025-10-15|37,918,956,045,703.85|4,234.52|53.15|5,484,000,000|22,195,400,000,000
2025-10-16|37,942,635,331,189.62|4,365.64|54.24|6,960,000,000|22,195,400,000,000
2025-10-17|37,966,553,856,331.42|4,249.94|51.91|4,102,000,000|22,195,400,000,000
2025-10-18|37,966,553,856,331.42|4,249.94|51.91|4,102,000,000|22,195,400,000,000
2025-10-19|37,966,553,856,331.42|4,264.69|52.19|4,102,000,000|22,195,400,000,000
2025-10-20|37,977,305,836,407.32|4,346.58|51.90|5,931,000,000|22,195,400,000,000
2025-10-21|37,980,273,670,431.33|4,129.43|48.94|4,699,000,000|22,195,400,000,000
2025-10-22|38,019,813,354,700.26|4,091.42|48.52|4,005,000,000|22,195,400,000,000
2025-10-23|37,990,672,926,605.56|4,121.83|48.66|6,941,000,000|22,195,400,000,000
2025-10-24|38,008,137,064,951.61|4,113.48|48.60|2,435,000,000|22,195,400,000,000
2025-10-25|38,008,137,064,951.61|4,113.48|48.60|2,435,000,000|22,195,400,000,000
2025-10-26|38,008,137,064,951.61|4,069.16|47.96|2,435,000,000|22,195,400,000,000
2025-10-27|38,009,025,959,457.40|3,993.01|46.85|10,642,000,000|22,195,400,000,000
2025-10-28|38,042,191,742,752.61|3,963.04|47.49|14,096,000,000|22,212,500,000,000
2025-10-29|38,076,934,220,531.56|3,937.16|47.56|19,504,000,000|22,212,500,000,000
2025-10-30|38,078,544,144,158.23|3,996.39|48.82|19,166,000,000|22,212,500,000,000
2025-10-31|38,108,930,250,279.00|4,002.93|48.68|51,802,000,000|22,212,500,000,000
2025-11-01|38,108,930,250,279.00|4,002.93|48.68|51,802,000,000|22,212,500,000,000
2025-11-02|38,108,930,250,279.00|4,003.70|48.79|51,802,000,000|22,212,500,000,000
2025-11-03|38,040,093,786,521.02|3,985.54|48.10|23,792,000,000|22,212,500,000,000
2025-11-04|38,004,366,480,104.18|3,970.82|47.72|16,983,000,000|22,212,500,000,000
2025-11-05|38,047,239,753,103.02|3,988.83|48.27|12,814,000,000|22,212,500,000,000
2025-11-06|38,091,526,352,867.96|3,998.43|48.47|10,754,000,000|22,212,500,000,000
2025-11-07|38,118,268,221,748.03|4,001.21|48.30|4,903,000,000|22,212,500,000,000
2025-11-08|38,118,268,221,748.03|4,001.21|48.30|4,903,000,000|22,212,500,000,000
2025-11-09|38,118,268,221,748.03|4,054.68|49.24|4,903,000,000|22,212,500,000,000
2025-11-10|38,117,224,885,993.65|4,143.40|50.99|7,152,000,000|22,212,500,000,000
2025-11-11|38,117,224,885,993.65|4,111.17|51.08|7,152,000,000|22,212,500,000,000
2025-11-12|38,125,731,687,631.03|4,209.39|53.98|5,886,000,000|22,212,500,000,000
2025-11-13|38,121,217,149,187.64|4,203.33|53.07|3,761,000,000|22,212,500,000,000
2025-11-14|38,150,716,416,656.92|4,080.78|50.62|1,559,000,000|22,212,500,000,000
2025-11-15|38,150,716,416,656.92|4,080.78|50.62|1,559,000,000|22,212,500,000,000
2025-11-16|38,150,716,416,656.92|4,079.35|50.85|1,559,000,000|22,212,500,000,000
2025-11-17|38,153,732,193,790.00|4,012.04|49.61|3,172,000,000|22,212,500,000,000
2025-11-18|38,181,184,806,486.51|4,075.71|50.90|22,212,500,000,000|
2025-11-19|38,265,355,580,035.02|4,076.32|51.33|1,129,000,000|22,212,500,000,000
2025-11-20|38,299,373,085,978.18|4,051.73|49.71|6,520,000,000|22,212,500,000,000
2025-11-21|38,326,967,559,564.53|4,065.27|50.00|2,503,000,000|22,212,500,000,000
2025-11-22|38,326,967,559,564.53|4,065.27|50.00|2,503,000,000|22,212,500,000,000
2025-11-23|38,326,967,559,564.53|4,043.66|49.88|2,503,000,000|22,212,500,000,000
2025-11-24|38,333,530,047,031.29|4,140.58|51.50|1,077,000,000|22,212,500,000,000
2025-11-25|38,336,291,718,985.39|4,162.21|52.02|2,314,000,000|22,298,100,000,000
2025-11-26|38,360,841,844,745.79|4,151.15|52.85|2,217,000,000|22,298,100,000,000
2025-11-27|38,360,841,844,745.79|4,173.73|53.74|2,217,000,000|22,298,100,000,000
2025-11-28|38,335,267,983,846.11|4,219.23|56.72|7,561,000,000|22,298,100,000,000
2025-11-29|38,335,267,983,846.11|4,219.23|56.72|7,561,000,000|22,298,100,000,000
2025-11-30|38,335,267,983,846.11|4,245.80|57.26|7,561,000,000|22,298,100,000,000
2025-12-01|38,396,211,497,613.65|4,218.58|57.19|3,240,000,000|22,298,100,000,000
2025-12-02|38,425,673,178,874.63|4,222.37|58.76|5,620,000,000|22,298,100,000,000
2025-12-03|38,423,764,679,404.02|4,196.35|58.17|2,514,000,000|22,298,100,000,000
2025-12-04|38,403,532,042,006.28|4,216.93|57.77|2,233,000,000|22,298,100,000,000
2025-12-05|38,389,369,875,885.10|4,197.81|58.40|1,485,000,000|22,298,100,000,000
2025-12-06|38,389,369,875,885.10|4,197.81|58.40|1,485,000,000|22,298,100,000,000
2025-12-07|38,389,369,875,885.10|4,207.73|57.94|1,485,000,000|22,298,100,000,000
2025-12-08|38,390,532,833,611.70|4,187.51|58.25|1,703,000,000|22,298,100,000,000
2025-12-09|38,395,956,139,411.28|4,207.11|61.09|3,211,000,000|22,298,100,000,000
2025-12-10|38,377,110,471,869.66|4,213.99|61.91|5,045,000,000|22,298,100,000,000
2025-12-11|38,352,200,418,068.14|4,266.95|63.46|2,874,000,000|22,298,100,000,000
2025-12-12|38,349,795,034,550.24|4,300.40|61.96|22,298,100,000,000|
2025-12-13|38,349,795,034,550.24|4,300.40|61.96|22,298,100,000,000|
2025-12-14|38,349,795,034,550.24|4,326.24|62.62|22,298,100,000,000|
2025-12-15|38,339,541,810,902.33|4,289.09|62.86|2,601,000,000|22,298,100,000,000
2025-12-16|38,419,380,255,240.59|4,330.08|66.00|1,554,000,000|22,298,100,000,000
2025-12-17|38,396,179,577,012.10|4,332.02|66.32|10,361,000,000|22,298,100,000,000
2025-12-18|38,378,996,619,785.02|4,322.81|65.42|11,708,000,000|22,298,100,000,000
2025-12-19|38,375,371,484,790.79|4,340.10|67.14|3,047,000,000|22,298,100,000,000
2025-12-20|38,375,371,484,790.79|4,340.10|67.14|3,047,000,000|22,298,100,000,000
2025-12-21|38,375,371,484,790.79|4,398.48|69.37|3,047,000,000|22,298,100,000,000
2025-12-22|38,372,869,364,189.14|4,482.42|69.59|1,523,000,000|22,298,100,000,000
2025-12-23|38,378,413,234,316.13|4,499.50|72.25|5,893,000,000|22,322,400,000,000
2025-12-24|38,375,349,596,930.58|4,479.54|71.91|4,803,000,000|22,322,400,000,000
2025-12-25|38,375,349,596,930.58|4,508.58|74.67|4,803,000,000|22,322,400,000,000
2025-12-26|38,352,846,701,813.17|4,534.17|79.25|20,339,000,000|22,322,400,000,000
2025-12-27|38,352,846,701,813.17|4,534.17|79.25|20,339,000,000|22,322,400,000,000
2025-12-28|38,352,846,701,813.17|4,516.14|79.86|20,339,000,000|22,322,400,000,000
2025-12-29|38,380,536,147,996.03|4,363.24|74.46|10,551,000,000|22,322,400,000,000
2025-12-30|38,386,384,190,622.68|4,331.90|71.62|12,605,000,000|22,322,400,000,000
2025-12-31|38,372,153,717,621.09|4,325.44|71.47|105,993,000,000|22,322,400,000,000
2026-01-01|38,372,153,717,621.09|4,373.29|73.38|105,993,000,000|22,322,400,000,000
2026-01-02|38,514,009,184,232.72|4,332.37|72.82|5,667,000,000|22,322,400,000,000
2026-01-03|38,514,009,184,232.72|4,332.37|72.82|5,667,000,000|22,322,400,000,000
2026-01-04|38,514,009,184,232.72|4,404.81|75.52|5,667,000,000|22,322,400,000,000
2026-01-05|38,422,818,570,606.72|4,467.70|78.72|6,485,000,000|22,322,400,000,000
2026-01-06|38,441,088,237,227.94|4,464.55|79.60|2,582,000,000|22,322,400,000,000
2026-01-07|38,430,410,089,259.84|4,431.86|77.68|4,582,000,000|22,322,400,000,000
2026-01-08|38,432,287,507,801.52|4,464.69|76.62|3,083,000,000|22,322,400,000,000
2026-01-09|38,432,587,259,757.29|4,509.21|79.90|3,280,000,000|22,322,400,000,000
2026-01-10|38,432,587,259,757.29|4,509.21|79.90|3,280,000,000|22,322,400,000,000
2026-01-11|38,432,587,259,757.29|4,568.88|83.44|3,280,000,000|22,322,400,000,000
2026-01-12|38,433,330,126,292.37|4,596.68|85.72|3,402,000,000|22,322,400,000,000
2026-01-13|38,437,700,892,419.68|4,629.19|90.76|3,277,000,000|22,322,400,000,000
2026-01-14|38,433,852,753,680.03|4,592.32|87.72|3,223,000,000|22,322,400,000,000
2026-01-15|38,396,062,667,874.39|4,601.31|90.88|2,003,000,000|22,322,400,000,000
2026-01-16|38,453,108,492,348.67|4,596.34|90.13|1,222,000,000|22,322,400,000,000
2026-01-17|38,453,108,492,348.67|4,596.34|90.13|1,222,000,000|22,322,400,000,000
2026-01-18|38,453,108,492,348.67|4,664.32|92.81|1,222,000,000|22,322,400,000,000
2026-01-19|38,453,108,492,348.67|4,696.56|94.33|1,222,000,000|22,322,400,000,000
2026-01-20|38,460,239,071,716.76|4,866.61|94.31|3,506,000,000|22,322,400,000,000
2026-01-21|38,484,705,102,395.33|4,797.45|93.35|3,344,000,000|22,322,400,000,000
2026-01-22|38,473,375,474,319.00|4,956.32|98.68|2,058,000,000|22,322,400,000,000
2026-01-23|38,490,798,138,585.90|4,988.56|103.30|22,322,400,000,000|
2026-01-24|38,490,798,138,585.90|4,988.56|103.30|22,322,400,000,000|
2026-01-25|38,490,798,138,585.90|5,070.52|108.09|22,322,400,000,000|
2026-01-26|38,491,020,558,407.85|5,067.61|108.16|1,489,000,000|22,322,400,000,000
2026-01-27|38,513,523,578,580.59|5,246.39|115.67|1,253,000,000|22,411,000,000,000
2026-01-28|38,567,114,207,655.70|5,560.18|118.46|1,103,000,000|22,411,000,000,000
2026-01-29|38,542,542,471,886.84|5,215.35|111.11|2,852,000,000|22,411,000,000,000
2026-01-30|38,568,501,122,811.36|4,893.21|85.34|9,629,000,000|22,411,000,000,000
2026-01-31|38,568,501,122,811.36|4,893.21|85.34|9,629,000,000|22,411,000,000,000
2026-02-01|38,568,501,122,811.36|4,680.43|79.06|9,629,000,000|22,411,000,000,000
2026-02-02|38,521,368,112,341.66|4,809.63|83.43|10,415,000,000|22,411,000,000,000
2026-02-03|38,515,650,269,880.94|5,080.84|88.27|1,785,000,000|22,411,000,000,000
2026-02-04|38,564,278,020,214.60|4,870.22|76.50|2,414,000,000|22,411,000,000,000
2026-02-05|38,564,513,699,490.46|4,814.49|72.44|1,748,000,000|22,411,000,000,000
2026-02-06|38,587,617,094,083.77|4,966.25|77.80|3,111,000,000|22,411,000,000,000
2026-02-07|38,587,617,094,083.77|4,966.25|77.80|3,111,000,000|22,411,000,000,000
2026-02-08|38,587,617,094,083.77|5,011.71|81.72|3,111,000,000|22,411,000,000,000
2026-02-09|38,588,547,251,497.72|5,031.76|81.31|1,306,000,000|22,411,000,000,000
2026-02-10|38,593,206,197,018.13|5,052.08|82.47|1,447,000,000|22,411,000,000,000
2026-02-11|38,645,729,764,967.98|5,069.76|83.47|1,048,000,000|22,411,000,000,000
2026-02-12|38,620,772,876,638.50|4,976.88|77.06|2,844,000,000|22,411,000,000,000
2026-02-13|38,647,755,796,057.39|5,041.80|77.41|255,000,000|22,411,000,000,000
2026-02-14|38,647,755,796,057.39|5,041.80|77.41|255,000,000|22,411,000,000,000
2026-02-15|38,647,755,796,057.39|4,977.31|75.28|255,000,000|22,411,000,000,000
2026-02-16|38,647,755,796,057.39|4,952.72|75.14|255,000,000|22,411,000,000,000
2026-02-17|38,647,355,475,525.93|4,935.72|75.73|289,000,000|22,411,000,000,000
2026-02-18|38,720,327,822,350.87|4,981.43|77.92|22,411,000,000,000|
2026-02-19|38,717,487,211,821.37|5,000.43|78.22|410,000,000|22,411,000,000,000
2026-02-20|38,743,577,500,254.48|5,106.68|84.59|22,411,000,000,000|
2026-02-21|38,743,577,500,254.48|5,106.68|84.59|22,411,000,000,000|
2026-02-22|38,743,577,500,254.48|5,161.17|87.00|22,411,000,000,000|
2026-02-23|38,749,020,004,219.30|5,166.42|86.84|22,411,000,000,000|
2026-02-24|38,758,072,042,435.60|5,184.14|89.43|22,442,100,000,000|
2026-02-25|38,787,781,432,126.22|5,189.41|89.38|1,159,000,000|22,442,100,000,000
2026-02-26|38,764,882,203,837.59|5,180.71|89.53|3,796,000,000|22,442,100,000,000
2026-02-27|38,789,591,923,403.59|5,278.11|93.72|16,318,000,000|22,442,100,000,000
2026-02-28|38,789,591,923,403.59|5,278.11|93.72|16,318,000,000|22,442,100,000,000
2026-03-01|38,789,591,923,403.59|5,355.47|93.76|16,318,000,000|22,442,100,000,000
2026-03-02|38,769,805,982,273.81|5,364.83|89.66|407,000,000|22,442,100,000,000
2026-03-03|38,824,463,573,452.26|5,158.58|86.62|1,203,000,000|22,442,100,000,000
2026-03-04|38,853,352,399,880.18|5,168.61|84.66|22,442,100,000,000|
2026-03-05|38,857,671,304,563.85|5,128.06|84.18|2,793,000,000|22,442,100,000,000
2026-03-06|38,873,529,611,754.22|5,171.92|84.54|1,512,000,000|22,442,100,000,000
2026-03-07|38,873,529,611,754.22|5,171.92|84.54|1,512,000,000|22,442,100,000,000
2026-09-19|40,093,343,468,150.50|4,378.25|66.24|382,000,000|23,218,000,000,000
2026-09-20|40,093,343,468,150.50|4,359.42|66.21|382,000,000|23,218,000,000,000
2026-09-21|40,101,500,516,712.09|4,341.50|65.95|23,218,000,000,000|
2026-09-22|40,112,118,151,111.92|4,342.71|66.59|299,000,000|23,342,800,000,000
